7.0878015495836735 -0.14510670065163822 -2.472836808912689
7.162654258310795 -1.0 -2.9367639954434708
7.0677960105240345 -1.0 -4.247603919560788
7.072318438440561 -1.0 -4.291484664136078
7.072318438440561 -1.0 -4.304566219216213
7.072318438440561 -1.0 -4.304566219216213
7.072318438440561 -1.0 -4.304566219216213
7.072318438440561 -1.0 -4.304566219216213
7.072318438440561 -1.0 -4.304566219216213
7.072318438440561 -1.0 -4.304566219216213
7.072318438440561 -1.0 -4.304566219216213
7.072318438440561 -1.0 -4.304566219216213
7.072318438440561 -1.0 -3.597642042004736
7.072318438440561 -1.0 -3.597642042004736
7.270051330327988 -1.0 -3.0744602716877125
7.454836532473564 -1.0 -2.5855368185730185
7.649189110845327 -1.0 -2.0712990390893538
8.679993521422148 -1.0 -1.4993966017791536
9.376946687698364 -1.0 -1.0732057008135598
9.88911234587431 -1.0 -0.8319932487502228
10.671359907835722 -1.0 -0.4828142754267901
11.009622927755117 -1.0 -0.08281617381726392
11.188469029963017 -1.0 0.4210939588956535
11.218701258301735 -1.0 0.963186128938105
11.048595882952213 -1.0 2.0590084813011345
10.899690438061953 -1.0 2.5982422551023774
10.508004408329725 -1.0 3.64650849220925
10.300000011920929 -1.0 4.14668064165744
10.244496330618858 -1.0 4.562292211310705
9.859462905675173 -1.0 5.214810813282384
9.733930103480816 -1.0 5.4016028516343795
9.59596686810255 -1.0 5.554752938362071
9.273497808724642 -1.0 5.857829795277212
8.48556973412633 -1.0 6.591376094293082
9.438218884170055 -1.0 7.703892812074628
8.822378695011139 -1.0 8.276231211813865
8.504699267446995 -1.0200000000000031 8.57145819766447
8.076801493763924 -1.0 6.971338601084426
8.076801493763924 -1.0 6.971338601084426
8.076801493763924 -1.0 6.971338601084426
8.076801493763924 -1.0 6.971338601084426
8.076801493763924 -1.0 6.971338601084426
8.076801493763924 -1.0 6.290629905706737
8.076801493763924 -1.0 6.290629905706737
8.076801493763924 -1.0 6.290629905706737
8.076801493763924 -1.0 6.971338601084426
8.076801493763924 -1.0 6.971338601084426
8.076801493763924 -1.0 6.971338601084426
8.076801493763924 -1.0 6.971338601084426
8.076801493763924 -1.0 6.971338601084426
8.076801493763924 -1.0 6.971338601084426
8.076801493763924 -1.0 6.971338601084426
8.076801493763924 -1.0 6.971338601084426
8.076801493763924 -1.0 6.971338601084426
8.076801493763924 -1.0 6.971338601084426
8.076801493763924 -1.0 6.971338601084426
8.076801493763924 -1.0 6.971338601084426
8.076801493763924 -1.0 6.971338601084426
8.076801493763924 -1.0 6.971338601084426
8.076801493763924 -1.0 6.971338601084426
8.076801493763924 -1.0 6.971338601084426
8.076801493763924 -1.0 6.971338601084426
8.076801493763924 -1.0 6.971338601084426
8.076801493763924 -1.0 6.971338601084426
8.076801493763924 -1.0 6.971338601084426
8.076801493763924 -1.0 6.971338601084426
8.076801493763924 -1.0 6.971338601084426
8.076801493763924 -1.0 6.971338601084426
8.076801493763924 -1.0 6.971338601084426
8.076801493763924 -1.0 6.971338601084426
8.076801493763924 -1.0 6.971338601084426
8.076801493763924 -1.0 6.971338601084426
8.076801493763924 -1.0 6.971338601084426
8.076801493763924 -1.0 6.971338601084426
8.076801493763924 -1.0 6.971338601084426
8.076801493763924 -1.0 6.971338601084426
8.076801493763924 -1.0 6.971338601084426
8.076801493763924 -1.0 6.971338601084426
8.076801493763924 -1.0 6.971338601084426
8.076801493763924 -1.0 6.971338601084426
8.076801493763924 -1.0 6.971338601084426
8.076801493763924 -1.0 6.971338601084426
8.076801493763924 -1.0 6.971338601084426
8.076801493763924 -1.0 6.971338601084426
8.076801493763924 -1.0 6.971338601084426
8.076801493763924 -1.0 6.971338601084426
8.076801493763924 -1.0 6.971338601084426
8.076801493763924 -1.0 6.971338601084426
8.076801493763924 -1.0 6.971338601084426
8.076801493763924 -1.0 6.971338601084426
8.076801493763924 -1.0 6.971338601084426
8.076801493763924 -1.0 6.971338601084426
8.076801493763924 -1.0 6.971338601084426
8.076801493763924 -1.0 6.971338601084426
8.076801493763924 -1.0 6.971338601084426
8.076801493763924 -1.0 6.971338601084426
8.076801493763924 -1.0 6.971338601084426
8.076801493763924 -1.0 6.971338601084426
8.076801493763924 -1.0 6.971338601084426
8.076801493763924 -1.0 6.971338601084426
8.076801493763924 -1.0 6.971338601084426
8.076801493763924 -1.0 6.971338601084426
8.076801493763924 -1.0 6.971338601084426
8.076801493763924 -1.0 6.971338601084426
8.076801493763924 -1.0 6.971338601084426
8.076801493763924 -1.0 6.971338601084426
8.076801493763924 -1.0 6.971338601084426
8.076801493763924 -1.0 6.971338601084426
8.076801493763924 -1.0 6.971338601084426
8.076801493763924 -1.0 6.971338601084426
8.076801493763924 -1.0 6.971338601084426
8.076801493763924 -1.0 6.971338601084426
8.076801493763924 -1.0 6.971338601084426
8.076801493763924 -1.0 6.971338601084426
8.076801493763924 -1.0 6.971338601084426
8.076801493763924 -1.0 6.971338601084426
8.076801493763924 -1.0 6.971338601084426
8.076801493763924 -1.0 6.971338601084426
8.076801493763924 -1.0 6.971338601084426
8.076801493763924 -1.0 6.971338601084426
8.076801493763924 -1.0 6.971338601084426
8.076801493763924 -1.0 6.971338601084426
8.076801493763924 -1.0 6.971338601084426
8.076801493763924 -1.0 6.971338601084426
8.076801493763924 -1.0 6.971338601084426
8.076801493763924 -1.0 6.971338601084426
8.076801493763924 -1.0 6.971338601084426
8.076801493763924 -1.0 6.971338601084426
8.076801493763924 -1.0 6.971338601084426
8.076801493763924 -1.0 6.971338601084426
8.076801493763924 -1.0 6.971338601084426
8.076801493763924 -1.0 6.971338601084426
8.076801493763924 -1.0 6.971338601084426
8.076801493763924 -1.0 6.971338601084426
8.076801493763924 -1.0 6.971338601084426
8.076801493763924 -1.0 6.971338601084426
8.076801493763924 -1.0 6.971338601084426
8.076801493763924 -1.0 6.971338601084426
8.076801493763924 -1.0 6.971338601084426
8.076801493763924 -1.0 6.971338601084426
8.076801493763924 -1.0 6.971338601084426
8.076801493763924 -1.0 6.971338601084426
8.076801493763924 -1.0 6.971338601084426
8.076801493763924 -1.0 6.971338601084426
8.076801493763924 -1.0 6.971338601084426
8.076801493763924 -1.0 6.971338601084426
8.076801493763924 -1.0 6.971338601084426
8.076801493763924 -1.0 6.971338601084426
8.076801493763924 -1.0 6.971338601084426
8.076801493763924 -1.0 6.971338601084426
8.076801493763924 -1.0 6.971338601084426
8.076801493763924 -1.0 6.971338601084426
8.076801493763924 -1.0 6.971338601084426
8.076801493763924 -1.0 6.971338601084426
8.076801493763924 -1.0 6.971338601084426
8.076801493763924 -1.0 6.971338601084426
8.076801493763924 -1.0 6.971338601084426
8.076801493763924 -1.0 6.971338601084426
8.076801493763924 -1.0 6.971338601084426
8.076801493763924 -1.0 6.971338601084426
8.076801493763924 -1.0 6.971338601084426
8.076801493763924 -1.0 6.971338601084426
8.076801493763924 -1.0 6.971338601084426
8.076801493763924 -1.0 6.971338601084426
8.076801493763924 -1.0 6.971338601084426
8.076801493763924 -1.0 6.971338601084426
8.076801493763924 -1.0 6.971338601084426
8.076801493763924 -1.0 6.971338601084426
8.076801493763924 -1.0 6.971338601084426
8.076801493763924 -1.0 6.971338601084426
8.076801493763924 -1.0 6.971338601084426
8.076801493763924 -1.0 6.971338601084426
8.076801493763924 -1.0 6.971338601084426
8.076801493763924 -1.0 6.971338601084426
8.076801493763924 -1.0 6.971338601084426
8.076801493763924 -1.0 6.971338601084426
8.076801493763924 -1.0 6.971338601084426
8.076801493763924 -1.0 6.971338601084426
8.076801493763924 -1.0 6.971338601084426
8.076801493763924 -1.0 6.971338601084426
8.076801493763924 -1.0 6.971338601084426
8.076801493763924 -1.0 6.971338601084426
8.076801493763924 -1.0 6.971338601084426
8.076801493763924 -1.0 6.971338601084426
8.076801493763924 -1.0 6.971338601084426
8.076801493763924 -1.0 6.971338601084426
8.076801493763924 -1.0 6.971338601084426
8.076801493763924 -1.0 6.971338601084426
8.076801493763924 -1.0 6.971338601084426
8.076801493763924 -1.0 6.971338601084426
8.076801493763924 -1.0 6.971338601084426
8.076801493763924 -1.0 6.971338601084426
8.076801493763924 -1.0 6.971338601084426
8.076801493763924 -1.0 6.971338601084426
8.076801493763924 -1.0 6.971338601084426
8.076801493763924 -1.0 6.971338601084426
8.076801493763924 -1.0 6.971338601084426
8.076801493763924 -1.0 6.971338601084426
8.076801493763924 -1.0 6.971338601084426
8.076801493763924 -1.0 6.971338601084426
8.076801493763924 -1.0 6.971338601084426
8.076801493763924 -1.0 6.971338601084426
8.076801493763924 -1.0 6.971338601084426
8.076801493763924 -1.0 6.971338601084426
8.076801493763924 -1.0 6.971338601084426
8.076801493763924 -1.0 6.971338601084426
8.076801493763924 -1.0 6.971338601084426
8.076801493763924 -1.0 6.971338601084426
8.076801493763924 -1.0 6.971338601084426
8.076801493763924 -1.0 6.971338601084426
8.076801493763924 -1.0 6.971338601084426
8.076801493763924 -1.0 6.971338601084426
8.076801493763924 -1.0 6.971338601084426
8.076801493763924 -1.0 6.971338601084426
8.076801493763924 -1.0 6.971338601084426
8.076801493763924 -1.0 6.971338601084426
8.076801493763924 -1.0 6.971338601084426
8.076801493763924 -1.0 6.971338601084426
8.076801493763924 -1.0 6.971338601084426
8.076801493763924 -1.0 6.971338601084426
8.076801493763924 -1.0 6.971338601084426
8.076801493763924 -1.0 6.971338601084426
8.076801493763924 -1.0 6.971338601084426
8.076801493763924 -1.0 6.971338601084426
8.076801493763924 -1.0 6.971338601084426
8.076801493763924 -1.0 6.971338601084426
8.076801493763924 -1.0 6.971338601084426
8.076801493763924 -1.0 6.971338601084426
8.076801493763924 -1.0 6.971338601084426
8.076801493763924 -1.0 6.971338601084426
8.076801493763924 1.8819999980926525 6.971338601084426
8.076801493763924 1.458208782816314 6.971338601084426
8.076801493763924 1.1354445907226278 6.971338601084426
8.076801493763924 -1.0 6.971338601084426
8.076801493763924 -1.0 6.971338601084426
8.076801493763924 -3.0 6.971338601084426
8.076801493763924 -3.0 6.971338601084426
8.076801493763924 -1.0 6.971338601084426
8.076801493763924 -3.0 6.971338601084426
8.076801493763924 -3.0 6.971338601084426
8.076801493763924 -3.0 6.971338601084426
8.076801493763924 -3.0 6.971338601084426
8.076801493763924 -1.0 6.971338601084426
8.076801493763924 -1.0 6.971338601084426
7.930290650576353 -1.0 7.107480340171605
7.930290650576353 -1.0 7.107480340171605
7.7837798073887825 -1.0 7.243622079258785
7.7837798073887825 -1.0 7.243622079258785
7.637268964201212 -1.0 7.379763818345964
7.490758121013641 -1.0 7.515905557433143
7.490758121013641 -1.0 7.515905557433143
7.344247277826071 -1.0 7.652047296520323
7.1977364346385 -1.0 7.788189035607502
7.05122559145093 -1.0 7.924330774694681
7.05122559145093 -1.0 7.924330774694681
6.904714748263359 -1.0 8.06047251378186
6.7582039050757885 -1.0 8.19661425286904
6.7582039050757885 -1.0 8.19661425286904
6.611693061888218 -1.0 8.332755991956219
6.465182218700647 -1.0 8.468897731043398
6.318671375513077 -1.0 8.605039470130578
6.318671375513077 -1.0 8.605039470130578
6.172160532325506 -1.0 8.741181209217757
6.025649689137936 -1.0 8.877322948304936
6.025649689137936 -1.0 8.877322948304936
5.879138845950365 -1.0 9.013464687392116
5.879138845950365 -1.0 9.013464687392116
5.879138845950365 -1.0 9.013464687392116
5.879138845950365 -1.0 9.013464687392116
5.879138845950365 -1.0 9.013464687392116
5.879138845950365 -1.0 9.013464687392116
5.879138845950365 -1.0 9.013464687392116
5.879138845950365 -1.0 9.013464687392116
5.879138845950365 -1.0 9.013464687392116
5.879138845950365 -1.0 9.013464687392116
5.879138845950365 -1.0 9.013464687392116
5.879138845950365 -1.0 9.013464687392116
5.879138845950365 -1.0 9.013464687392116
5.879138845950365 -1.0 9.013464687392116
5.879138845950365 -1.0 9.013464687392116
5.879138845950365 -1.0 9.013464687392116
5.879138845950365 -1.0 9.013464687392116
5.879138845950365 -1.0 9.013464687392116
5.879138845950365 -1.0 9.013464687392116
5.879138845950365 -1.0 9.013464687392116
5.879138845950365 -1.0 9.013464687392116
5.879138845950365 -1.0 9.013464687392116
5.879138845950365 -1.0 9.013464687392116
5.879138845950365 -1.0 9.013464687392116
5.879138845950365 -1.0 9.013464687392116
5.879138845950365 -1.0 9.013464687392116
5.879138845950365 -1.0 9.013464687392116
5.879138845950365 -1.0 9.013464687392116
5.879138845950365 -1.0 9.013464687392116
5.879138845950365 -1.0 9.013464687392116
5.879138845950365 -1.0 9.013464687392116
5.879138845950365 -1.0 9.013464687392116
5.879138845950365 -1.0 9.013464687392116
5.879138845950365 -1.0 9.013464687392116
5.879138845950365 -1.0 9.013464687392116
5.879138845950365 -1.0 9.013464687392116
5.879138845950365 -1.0 9.013464687392116
5.879138845950365 -1.0 9.013464687392116
5.879138845950365 -1.0 9.013464687392116
5.879138845950365 -1.0 9.013464687392116
5.879138845950365 -1.0 9.013464687392116
5.879138845950365 -1.0 9.013464687392116
5.879138845950365 -1.0 9.013464687392116
5.879138845950365 -1.0 9.013464687392116
5.879138845950365 -1.0 9.013464687392116
5.879138845950365 -1.0 9.013464687392116
5.879138845950365 -1.0 9.013464687392116
5.879138845950365 -1.0 9.013464687392116
5.879138845950365 -1.0 9.013464687392116
5.879138845950365 -1.0 9.013464687392116
5.879138845950365 -1.0 9.013464687392116
5.879138845950365 -1.0 9.013464687392116
5.879138845950365 -1.0 9.013464687392116
5.879138845950365 -1.0 9.013464687392116
5.879138845950365 -1.0 9.013464687392116
5.879138845950365 -1.0 9.013464687392116
5.879138845950365 -1.0 9.013464687392116
5.879138845950365 -1.0 9.013464687392116
5.879138845950365 -1.0 9.013464687392116
5.879138845950365 -1.0 9.013464687392116
5.879138845950365 -1.0 9.013464687392116
5.879138845950365 -1.0 9.013464687392116
5.879138845950365 -1.0 9.013464687392116
5.879138845950365 -1.0 9.013464687392116
5.879138845950365 -1.0 9.013464687392116
5.879138845950365 -1.0 9.013464687392116
5.879138845950365 -1.0 9.013464687392116
5.879138845950365 -1.0 9.013464687392116
5.879138845950365 -1.0 9.013464687392116
5.879138845950365 -1.0 9.013464687392116
5.879138845950365 -1.0 9.013464687392116
5.879138845950365 -1.0 9.013464687392116
5.879138845950365 -1.0 9.013464687392116
5.879138845950365 -1.0 9.013464687392116
5.879138845950365 -1.0 9.013464687392116
5.879138845950365 -1.0 9.013464687392116
5.879138845950365 -1.0 9.013464687392116
5.879138845950365 -1.0 9.013464687392116
5.879138845950365 -1.0 9.013464687392116
5.879138845950365 -1.0 9.013464687392116
5.879138845950365 -1.0 9.013464687392116
5.879138845950365 -1.0 9.013464687392116
5.879138845950365 -1.0 9.013464687392116
5.879138845950365 -1.0 9.013464687392116
5.879138845950365 -1.0 9.013464687392116
